place(15.618, 1.000, 43.869, "Military Base", 600)
upgrade(15.618, 1.863, 43.869, 300)
place(2.673, 1.000, 2.778, "Soldier", 750)
upgrade(2.673, 2.350, 2.778, 375)
place(2.963, 1.000, -2.572, "Cowboy", 900)
upgrade(2.963, 2.350, -2.572, 225)
place(10.828, 1.000, 43.680, "Military Base", 600)
upgrade(10.828, 1.863, 43.680, 300)
place(6.255, 1.000, 43.665, "Military Base", 600)
upgrade(6.255, 1.863, 43.665, 300)
place(6.051, 1.000, -2.886, "Cowboy", 900)
upgrade(6.051, 2.350, -2.886, 225)
upgrade(15.618, 1.863, 43.869, 600)
upgrade(10.828, 1.863, 43.680, 600)
upgrade(6.255, 1.863, 43.665, 600)
place(1.669, 1.000, 44.009, "Military Base", 600)
upgrade(1.669, 1.863, 44.009, 300)
upgrade(2.673, 2.350, 2.778, 1200)
upgrade(1.669, 1.863, 44.009, 600)
place(-2.770, 1.000, 43.125, "Military Base", 600)
upgrade(-2.770, 1.863, 43.125, 300)
place(2.578, 1.000, -5.632, "Cowboy", 900)
place(5.647, 1.000, -5.860, "Cowboy", 900)
upgrade(2.578, 2.350, -5.632, 225)
place(5.630, 1.000, -5.986, "Cowboy", 900)
upgrade(5.630, 2.350, -5.986, 225)
upgrade(-2.770, 1.863, 43.125, 600)
place(20.419, 1.000, 43.969, "Military Base", 600)
place(5.746, 1.000, 2.853, "Soldier", 750)
upgrade(5.746, 2.350, 2.853, 375)
upgrade(-2.770, 1.863, 43.125, 2625)
upgrade(2.578, 2.350, -5.632, 900)
upgrade(2.963, 2.350, -2.572, 900)
upgrade(6.051, 2.350, -2.886, 900)
upgrade(5.630, 2.350, -5.986, 900)
upgrade(1.669, 1.863, 44.009, 2625)
upgrade(6.255, 1.863, 43.665, 2625)
upgrade(10.828, 1.863, 43.680, 2625)
place(-2.840, 1.000, -2.696, "Cowboy", 900)
upgrade(-2.840, 2.350, -2.696, 225)
upgrade(-2.840, 2.350, -2.696, 900)
upgrade(5.746, 2.350, 2.853, 1200)
upgrade(15.618, 1.863, 43.869, 2625)
place(-2.930, 1.000, -5.760, "Cowboy", 900)
upgrade(-2.930, 2.350, -5.760, 225)
upgrade(-2.930, 2.350, -5.760, 900)
place(8.804, 1.000, 2.678, "Soldier", 750)
upgrade(8.804, 2.350, 2.678, 375)
upgrade(8.804, 2.350, 2.678, 1200)
place(-5.890, 1.000, -2.517, "Cowboy", 900)
place(2.864, 1.000, 5.796, "Soldier", 750)
place(6.022, 1.000, 5.950, "Soldier", 750)
upgrade(6.022, 2.350, 5.950, 375)
upgrade(6.022, 2.350, 5.950, 1200)
upgrade(2.864, 2.350, 5.796, 375)
upgrade(2.864, 2.350, 5.796, 1200)
place(9.086, 1.000, 5.698, "Soldier", 750)
upgrade(9.086, 2.350, 5.698, 375)
upgrade(9.086, 2.350, 5.698, 1200)
place(12.033, 1.000, 2.792, "Soldier", 750)
place(12.202, 1.000, 5.947, "Soldier", 750)
upgrade(12.202, 2.350, 5.947, 375)
upgrade(12.202, 2.350, 5.947, 1200)
upgrade(12.033, 2.350, 2.792, 375)
upgrade(12.033, 2.350, 2.792, 1200)
